1000
6026 6963 929
132 8749 78
356 3349 463
688 5289 135
2383 4830 720
6957 6673 460
9369 9755 471
1230 1843 268
2421 7089 399
2033 3859 744
8743 3433 653
3008 3272 551
9747 5786 307
8027 1993 501
7490 9915 695
8042 2525 950
3786 7341 544
606 4419 192
4941 6923 220
5248 1569 195
5357 2916 44
2787 962 949
4366 9094 564
514 8981 226
1363 2331 143
2877 8222 141
8511 2086 919
3289 9298 697
95 6037 523
3838 5302 939
3958 278 169
7720 4650 384
9596 2180 529
5217 713 234
5334 4639 140
1586 6577 206
3776 2208 964
5219 7833 735
4870 2887 893
785 9190 810
2790 3497 576
1747 4134 155
3353 9678 172
9677 3127 273
8920 1723 953
321 138 824
9142 6844 889
7869 4161 788
1775 6469 51
441 6656 911
7485 409 728
8216 7651 916
3887 7150 585
6095 163 418
9318 7660 976
6511 5807 8
5056 8357 706
6878 6296 6
3928 7439 335
5460 5383 541
931 966 226
479 9781 277
9458 3340 174
5843 3293 413
4067 8445 812
5802 7693 161
4423 9454 388
1484 3535 398
7959 8013 53
4344 7476 647
117 7900 972
7863 6801 686
2259 1943 220
6222 6195 731
381 3314 747
4050 3694 825
6901 5965 917
5515 9598 381
6678 370 585
9585 9241 764
8074 690 700
3593 8544 293
2275 645 798
6914 4304 671
4674 5051 997
6719 4992 87
6554 765 995
2805 2939 495
2119 408 309
9039 8517 684
6016 7242 97
1962 4600 668
3748 8085 763
5110 4267 346
5435 9928 152
3486 9850 500
3615 2862 454
9681 9537 413
8916 122 109
1812 2716 446
9630 2557 776
9829 5314 190
5704 3184 498
8224 1451 226
4183 8363 606
2717 8720 709
1563 4239 13
3580 2136 772
1491 8775 419
9020 3170 205
3352 6885 652
4655 3421 486
388 1838 712
5432 3387 957
9878 7581 402
9976 6710 833
8745 9209 303
7439 2820 781
7190 455 989
7206 2477 973
3639 2646 831
5305 9033 139
1130 3569 612
2576 1214 263
884 7170 578
9280 8837 335
1980 994 637
6320 6716 302
750 6302 935
1810 1146 221
4039 3551 94
7295 3909 123
7482 6343 141
375 5879 31
7389 6189 517
5010 7416 253
320 8247 269
2376 8672 131
3126 7433 145
4162 1906 866
3415 3508 330
2760 2706 43
2045 4720 78
5062 7259 507
384 2295 125
4297 3255 336
7824 8400 418
2322 8729 325
7161 6604 604
1948 5524 498
9410 355 183
6698 5078 638
2710 3710 805
5675 5281 13
9259 8885 897
6235 4304 920
2412 145 283
5540 8293 209
7976 9007 420
7310 5275 642
2601 1645 836
6944 6843 622
8907 8208 393
1756 271 209
334 802 592
7355 2251 334
6274 5022 983
156 1239 385
3709 9856 242
2430 9026 790
6706 5878 820
8303 4967 479
8293 3354 435
774 7924 186
1975 4454 957
847 3925 922
8064 5133 412
6461 8981 675
845 1086 645
3445 1395 663
102 4790 42
3 3879 341
7871 6989 40
2498 2472 197
1362 9214 321
6061 5585 221
1037 5316 580
4061 9140 657
2341 3188 565
4042 3586 398
9625 7747 721
2854 5449 193
6452 1743 11
5337 8282 200
8032 4995 267
9811 4242 305
4221 9680 883
5255 2784 210
7826 2769 648
2553 220 331
1970 9983 42
9962 9287 206
9458 6096 761
9567 234 493
2919 7569 739
9565 1982 420
4477 4979 164
146 3382 945
240 9063 375
4825 8375 485
6266 6717 827
1217 3082 132
8750 6368 120
8782 8110 875
3680 7450 169
1820 3476 730
2796 2334 143
475 2887 176
4359 2100 877
8982 5668 998
2494 3675 908
118 7571 528
3514 4914 764
8706 4432 560
7180 8960 299
351 5340 998
600 1631 691
4748 8162 517
5300 6166 105
7813 1882 967
6256 9263 718
9195 2215 17
2769 7224 777
7441 3427 380
760 6887 677
598 4873 665
845 6156 795
6812 3449 27
2016 3138 346
1241 5197 515
5266 4387 562
8689 5962 286
5544 3992 420
1395 2416 585
8885 802 113
5816 8488 527
8440 6393 236
8732 5459 408
3593 4721 662
8790 8727 333
8035 6735 286
6514 5534 26
4382 141 788
2605 7004 603
4647 6052 445
5229 2688 384
6087 8862 928
4497 9499 442
2567 6444 780
6176 4767 90
5618 902 324
5089 230 260
858 3324 845
6620 9921 323
3426 9414 111
1548 2654 66
8738 6977 688
5509 8012 244
1258 7293 143
3722 5535 48
5554 5353 198
9194 8737 984
8633 3733 406
6130 8432 650
2147 6174 25
6112 1654 738
9755 6671 369
5807 660 890
6240 9016 947
604 3914 785
9463 6265 732
4379 218 187
7873 5279 908
699 6180 766
2039 7041 674
5312 6626 754
5408 9330 924
7346 2981 178
7104 4328 22
2279 1447 758
3295 7221 479
7384 4601 154
1893 2807 573
9942 5391 954
4472 3922 514
3888 7410 431
596 1677 327
5688 7029 903
9776 6458 539
2875 3065 211
627 5981 820
9095 1118 968
5511 3678 276
5724 4122 938
8058 1550 118
6378 6769 830
3620 8928 794
7571 3661 277
1066 5664 983
6093 6228 368
7922 6373 279
6529 2841 168
4439 3831 844
6426 5103 540
7017 6346 978
9356 3022 244
7809 6459 625
8811 216 751
256 100 622
3334 5349 960
6939 6107 177
951 8475 602
7815 7154 196
2203 4054 726
9817 1425 313
9276 2886 105
4471 2768 459
443 4536 61
1262 4880 995
7696 2037 301
7700 3407 213
3188 1197 463
9975 1042 712
3519 1794 277
5930 5703 296
4094 2337 799
907 3853 474
9289 5714 959
5378 1930 185
4715 4405 119
7015 506 50
4493 9383 697
2027 6329 731
4928 5027 133
1523 772 14
3790 3869 472
4544 5348 104
9420 9045 384
5190 9827 571
2220 4345 518
1225 4351 907
8483 1104 18
7523 4007 201
6924 120 704
2597 3930 753
3440 1701 725
5208 4793 617
7480 9608 31
8198 7822 991
8563 2373 957
5580 204 175
3646 3806 239
6011 5533 733
2310 6864 930
369 2424 92
3848 1965 921
4131 4164 953
5252 7875 232
6540 3616 549
69 9362 733
4173 6127 902
5790 4155 491
4005 1662 286
2340 3584 952
8215 9362 411
874 2987 894
9803 7919 260
951 5195 540
4964 7967 888
9330 3211 67
5907 4372 342
2920 5550 902
8930 1949 976
2210 9624 932
3007 7378 582
8808 5838 747
3473 5677 356
9860 1204 408
403 8617 257
2250 3361 120
9589 6525 551
1148 5283 897
2203 4692 932
9919 7321 418
6285 5593 65
9852 7665 101
8916 3782 283
7742 9223 527
3867 4416 382
9792 4484 382
5938 8229 138
7763 9651 337
6424 7050 264
9703 4331 546
9085 5117 295
2494 818 185
3751 3324 293
2839 3221 373
5244 2762 822
469 4286 500
4781 7869 75
1271 8539 746
1638 3002 566
1072 6331 676
7925 8617 707
5127 7064 459
1425 2396 923
517 4213 688
4545 6390 329
8482 3794 930
9447 3342 804
2245 3921 451
9605 9368 78
762 8318 146
683 8625 241
8468 7994 545
6223 5915 989
9188 1750 590
6349 8697 99
733 1430 98
6140 2589 995
3066 8888 897
4775 6550 840
7058 6992 39
8416 6848 764
7386 9365 711
8696 1670 285
2250 4968 336
5296 8737 108
6946 6175 758
4342 2976 917
6900 9187 870
1355 1101 215
6641 6104 275
2185 5297 66
3975 1747 876
1094 9761 542
9253 7267 256
6581 5653 221
2774 2157 800
9199 8776 782
6644 6045 761
6312 333 57
7692 9307 546
7153 1934 353
5654 8133 36
4711 3794 776
7983 6895 306
6800 7536 188
7686 9861 746
2077 4161 785
9592 6702 835
6753 6910 740
5441 7447 595
6400 5499 486
5184 7496 312
3535 1888 431
2846 9415 698
8045 9678 168
2639 2395 648
9490 740 874
6300 6064 437
7563 3597 754
5758 9718 961
9749 7763 731
8665 7684 160
9115 4303 598
7887 5839 173
6216 2766 617
9892 13 853
5256 73 500
9148 3691 629
4491 1831 94
596 2774 305
5281 6598 739
4297 2231 112
946 813 12
1251 1197 214
9223 7181 905
3073 870 510
5367 2580 214
3505 1909 348
5497 8617 135
7725 6086 501
6136 1121 168
3847 9589 156
7790 2505 23
9442 33 225
9656 6335 263
6190 9118 147
2617 6014 595
644 5689 885
1548 2546 86
971 8385 452
8525 5387 98
2810 7764 937
7412 6550 622
6076 1374 218
9547 8347 261
8065 6679 704
551 8202 473
9983 3318 958
3845 268 558
1327 896 673
9367 8383 259
9706 3746 923
8843 9537 179
1071 8135 543
8339 8832 302
1340 4654 317
2993 4011 386
778 5517 87
2803 3569 872
7071 3650 896
9771 3299 679
9575 8403 681
9537 8114 791
5858 308 367
9040 7467 498
9318 9926 561
2419 5542 277
4977 9912 216
8317 1876 457
2585 6823 967
3828 9031 685
4692 8051 73
5381 8839 798
8919 9789 245
7031 8779 989
8356 119 75
2702 2028 180
7497 8408 949
7301 2268 246
7810 6055 976
4050 7091 439
2152 3546 827
8114 4306 159
2199 4662 995
7458 2969 875
9024 8658 696
7770 7856 696
268 7994 525
4215 9362 659
419 5945 540
8969 9352 81
177 2517 448
8598 6975 76
9619 5912 484
46 1913 493
1035 2242 411
2017 5497 515
4120 6073 724
6367 6432 208
2860 5502 777
3679 789 696
7835 2478 285
9460 312 804
2533 6131 48
5257 2830 227
2114 235 787
8923 8533 417
6572 5278 501
9391 4805 553
232 9864 875
3172 6629 26
8300 4647 0
3414 8608 237
5814 2938 452
4658 1141 733
8435 8165 113
6819 8653 502
6388 1895 759
6251 4903 135
923 6555 233
3302 5167 429
8032 1450 849
369 9688 70
5989 4706 531
2513 801 238
5686 8571 303
578 6343 185
5861 2712 452
8326 659 320
5598 8426 59
8885 4460 903
7214 7726 305
9640 5841 435
7938 3654 225
214 8644 512
9449 7857 287
1712 9723 403
9127 226 437
8536 2415 26
7793 7109 752
8034 3978 197
3080 2691 890
474 2012 851
8332 9169 477
6360 3422 155
9232 4327 3
7621 873 354
6036 1140 788
1867 7623 726
4417 4246 329
7904 1661 284
1430 6599 797
8391 3320 356
2540 1957 508
5159 4118 759
5066 7578 841
4054 3015 751
627 6485 761
4382 1944 922
6748 2241 466
4432 9334 641
9121 1318 185
3187 4270 970
2921 6177 792
6679 1392 838
9791 2549 970
4325 5159 797
3738 1565 973
8550 1606 609
1472 7283 740
5650 5772 104
868 9190 558
2863 9773 348
2114 1182 185
6566 5480 925
6267 5983 365
8123 5836 353
9998 193 562
2058 1917 684
1038 9275 433
2881 4528 720
3093 7250 482
3469 5834 616
276 850 493
1868 3486 850
1232 9100 182
5161 6542 321
7487 8996 17
4690 884 884
6988 2026 151
7503 11 248
1041 4907 464
3730 3562 769
9011 667 445
5361 7874 548
5791 4461 602
2466 4113 75
3013 6107 146
8531 9030 510
4515 956 17
6958 5079 903
8576 1265 917
8994 192 861
6140 4507 908
8383 4242 152
5875 7127 567
3575 6846 807
8027 6891 572
7990 2140 594
6611 4356 193
8879 8232 801
8425 3229 472
2157 6368 911
3394 4594 21
641 9389 401
7077 4402 156
7780 1408 201
7958 3031 261
1419 2999 146
9396 3850 656
353 6358 225
1807 5726 870
2551 498 740
8452 8334 527
9424 6285 476
9721 1989 854
6687 9732 514
3544 4294 265
940 3020 450
5285 1673 819
1527 5187 151
4026 1355 320
334 716 257
5222 2370 849
6584 8829 143
1769 3822 466
5425 529 863
6289 814 926
8765 4559 176
6098 9693 777
7810 1479 15
2726 9484 543
4857 1800 123
7995 7329 683
694 1040 87
2424 1339 932
2683 3883 997
7617 6690 330
4075 4150 910
7021 3660 38
722 7002 491
8635 6106 243
4275 7117 247
9895 298 366
9196 5089 255
7795 2155 706
4412 728 632
8978 3903 467
4226 666 420
7351 4392 519
9528 5578 146
5611 6081 336
5663 8288 582
3761 5309 610
9106 8128 234
4230 6456 438
4498 6526 879
6283 3663 225
6169 5532 403
9834 5065 381
3898 7310 786
2519 7657 195
4636 3064 463
4575 45 686
5675 7216 823
894 8537 148
2081 3612 983
7784 3649 210
8140 1552 988
2119 599 92
882 4590 125
1814 3302 909
9 5330 277
6308 9461 840
6383 7140 658
4711 69 883
8512 4236 240
7503 3165 17
9428 596 563
970 8730 315
9886 6168 689
2724 3377 992
3352 7679 557
3351 1874 423
4324 9494 822
4565 5783 981
1199 420 253
2585 3997 241
8572 1010 877
3721 176 256
2308 305 398
112 1870 842
469 3812 376
4033 3492 183
7388 2659 869
6758 9945 874
3009 7856 68
129 8853 485
324 9155 28
9636 4937 107
5364 3997 899
6297 9621 940
7984 5044 965
7522 7384 864
3728 6565 198
5945 623 981
1633 5543 77
7861 4253 213
2971 1537 666
3613 2161 868
8775 693 131
1547 2961 771
8366 2164 600
2445 523 469
7857 7057 530
8999 927 11
6467 2970 594
2453 7678 610
5133 1520 283
349 8402 693
3953 6689 88
8269 5618 527
9021 972 823
9774 8783 52
894 2637 248
46 6861 702
6630 1642 604
3277 2238 210
4857 3444 713
2057 4665 571
8719 4742 188
1880 7547 101
1021 1675 98
8485 4212 286
7650 897 508
8381 3388 898
3756 2968 86
324 4377 857
1550 9835 873
4147 5719 200
7036 5575 995
9831 8433 437
7274 9366 976
3392 1542 786
8914 5185 409
1580 1246 87
2724 4235 780
2594 7872 348
1189 8031 112
300 1807 844
6410 539 595
3893 926 211
7360 849 276
5514 4985 655
3142 3159 721
1277 1401 433
5214 946 130
4035 1917 670
4151 5995 689
6325 7872 838
3800 2678 630
2445 9998 403
3480 8781 531
8932 2418 582
8411 7540 372
6976 8662 398
7129 5180 962
7386 5461 883
1404 4572 766
6669 495 280
8081 5621 555
1856 2665 593
6744 3418 258
4931 9772 247
5197 68 333
75 8568 196
9969 9424 885
5891 6516 721
9031 9584 744
5971 6489 302
1947 2889 563
4162 5543 114
3523 1555 688
9609 4209 269
9083 1267 712
8474 2981 86
5165 8829 972
2813 549 180
4917 6449 947
7127 3893 883
8584 3217 66
8934 3821 656
7985 786 738
4120 8273 752
9974 1534 563
9320 4726 236
4012 8194 195
7881 921 398
3744 8415 963
1543 3446 907
5072 456 256
7223 6149 177
328 5175 549
4620 4882 932
7079 7705 455
4377 9153 615
9705 6536 398
9682 3329 424
4908 5182 139
9692 1077 94
765 307 478
4191 5449 336
9623 9439 530
1479 5877 685
8231 4359 627
8954 1709 387
8292 6412 650
7222 7384 187
6203 3195 630
244 7640 90
2143 4971 17
913 3909 441
2683 3503 436
1879 5601 761
3841 4745 476
5489 9235 982
5859 7403 417
8415 8564 687
8761 3743 693
6901 7110 270
2600 5862 170
5185 1088 733
5815 5197 296
4303 5813 883
3006 2047 30
7523 9730 935
1296 2299 643
4528 8121 359
4360 4744 357
2243 7326 16
5078 3455 836
7424 6218 258
2048 836 1000
1552 8862 920
5573 7249 861
1380 6117 150
5871 1421 490
2903 8025 141
2821 9352 402
6983 6104 996
2809 5091 51
1480 698 424
9220 8211 738
2419 2520 603
1194 6070 613
1713 950 462
4615 4593 46
7751 1274 595
9951 9872 283
9213 4680 817
572 4660 151
3500 9434 498
3101 1966 901
8820 2624 989
652 4747 456
6450 2221 306
1362 9853 58
9552 5343 26
7012 2562 575
620 1017 215
2434 6569 566
7328 3625 44
2542 6741 986
8103 75 897
471 5092 476
3576 1279 617
8855 1503 244
1606 9633 777
1155 1259 80
1146 8410 770
2702 7876 402
8710 5594 206
9484 4895 296
8722 782 94
4228 5078 508
7949 6984 815
2358 1645 868
6433 5665 106
4689 6646 393
8819 4235 24
6841 1809 503
8630 8670 361
59 797 129
1412 9424 710
9560 6731 586
5097 9925 172
2123 8098 609
6070 8333 979
510 1578 514
9659 7389 899
2887 575 195
8835 1405 390
6710 6658 430
9809 5397 879
1932 1179 695
2062 9442 459
3337 8469 877
5097 712 963
8588 5599 264
9708 6916 607
4490 4593 337
1856 373 803
4625 3289 382
3591 8377 407
47 8788 591
5963 3574 60
1408 1189 798
3898 1115 389
3566 4975 371
6840 5338 570
9940 2951 206
7213 4898 780
8486 9743 402
443 4942 935
1406 5050 626
3195 6084 50
