3
158 147 135
56 24 160
162 194 104

5
59 170 117
113 152 44
174 135 162
11 36 174
177 32 24

7
199 173 30
120 199 34
144 39 130
137 199 93
153 196 97
175 53 76
173 101 186


50
172 36 70
87 121 91
37 191 136
40 107 4
77 49 26
45 124 139
101 41 143
180 136 59
16 57 50
142 100 121
49 2 159
147 164 8
58 13 64
41 114 171
110 59 32
54 108 52
79 8 171
33 18 76
6 60 144
140 95 195
166 126 47
153 158 36
34 94 93
40 190 128
179 135 4
10 160 141
13 106 171
118 34 1
26 38 4
46 149 151
168 194 90
100 135 190
80 128 59
23 67 40
22 64 127
193 109 194
137 43 9
192 106 121
42 112 142
40 65 84
11 81 53
17 168 80
7 171 116
174 146 47
55 27 13
15 82 152
13 181 143
11 53 45
155 182 172
81 102 17

100
104 68 125
103 164 80
162 181 5
116 78 122
188 101 191
92 99 170
114 143 127
5 183 107
100 56 196
56 164 22
50 131 118
18 187 148
59 15 57
156 183 138
17 188 172
119 48 4
12 119 45
86 160 109
195 94 184
132 135 115
157 156 17
169 18 131
113 45 74
65 115 155
131 3 136
170 11 156
62 70 178
16 79 26
24 165 88
106 97 117
48 83 89
44 186 114
92 117 168
1 111 95
88 22 83
56 119 104
62 63 134
182 157 84
24 195 16
103 82 116
193 22 75
7 106 124
85 68 143
69 180 69
15 93 84
122 70 21
82 188 65
138 118 177
96 55 146
162 21 23
85 197 90
41 33 46
77 157 199
69 145 194
82 169 152
12 149 60
146 165 88
104 83 24
132 154 97
170 57 173
178 186 176
46 135 88
53 196 44
17 19 175
53 142 192
72 193 128
157 186 53
127 17 172
111 65 116
41 190 185
40 58 121
27 179 127
42 27 126
72 176 16
166 182 25
121 64 171
27 198 179
102 34 179
51 45 17
152 18 108
89 92 159
54 145 125
43 189 145
153 33 189
77 157 47
68 149 152
50 30 186
112 48 20
45 178 76
196 101 19
156 64 152
135 96 72
146 4 2
46 167 44
146 57 131
116 116 81
198 114 148
165 92 13
153 85 31
177 159 19

200
74 197 72
61 46 54
171 119 49
174 23 172
45 190 16
25 187 51
113 172 28
128 97 68
171 101 165
106 165 17
38 18 131
87 133 93
130 131 181
95 153 32
137 135 199
80 174 164
69 80 141
155 64 14
71 138 164
96 33 57
185 86 36
137 130 6
80 123 115
175 101 135
163 139 14
156 178 21
54 128 99
33 192 37
36 199 195
8 79 134
55 58 112
117 120 164
7 152 97
156 23 80
30 130 26
34 130 52
167 174 56
118 157 176
20 116 32
56 151 137
181 53 101
69 148 25
192 124 67
61 19 119
116 87 128
196 127 2
73 152 150
8 182 76
26 175 64
38 64 86
161 173 180
48 175 21
28 29 17
134 68 80
198 94 180
94 81 113
142 50 2
113 158 183
122 5 142
20 128 166
136 187 82
43 95 0
188 15 152
144 131 73
165 96 108
123 44 67
119 75 104
152 118 11
25 153 23
159 180 71
12 6 166
87 164 175
199 176 30
114 107 53
69 23 65
29 199 4
25 85 184
164 86 58
192 101 161
173 6 72
51 45 39
114 134 55
181 148 150
157 79 113
18 155 130
159 166 36
75 191 17
193 35 176
148 136 40
152 98 3
136 85 169
1 67 44
199 185 53
92 144 25
136 142 27
33 124 183
175 61 163
193 79 189
78 32 199
113 17 145
50 141 172
181 86 178
120 117 17
116 173 56
52 108 5
96 185 5
35 21 36
19 113 133
178 165 70
118 21 104
113 18 129
154 190 61
30 140 171
58 153 152
153 134 97
155 170 168
102 194 11
35 67 51
101 161 47
52 111 114
18 11 94
143 12 81
14 150 165
141 55 59
48 145 88
138 46 38
32 52 146
14 6 104
63 75 93
88 185 93
62 191 151
24 157 28
146 145 56
100 135 23
167 100 35
179 103 194
118 123 67
128 179 41
126 74 104
182 178 194
155 23 140
69 91 172
66 139 30
45 18 186
4 153 105
148 115 11
124 13 38
162 123 155
123 86 46
97 150 172
159 192 89
14 141 181
29 101 92
134 35 79
135 151 49
188 52 28
107 28 83
144 14 46
30 63 149
59 98 93
15 13 13
83 16 73
176 59 27
26 96 173
33 4 106
194 9 77
166 67 3
174 181 22
182 195 93
71 188 172
119 92 26
185 115 150
23 186 35
44 126 142
137 65 199
99 98 103
160 165 116
85 126 170
130 95 151
182 21 6
101 138 134
187 144 119
64 69 43
119 136 65
191 119 88
78 20 97
190 38 145
14 119 130
43 47 8
146 188 101
30 101 39
173 5 199
159 65 16
159 109 164
159 22 118
28 43 62
40 15 123
195 70 169
189 165 126
144 93 116
